14517.239501195407 0.0
13786.30914986628 0.025252525252525252
13108.648268699657 0.050505050505050504
12479.230196753653 0.07575757575757576
11893.605694464031 0.10101010101010101
11347.825297493344 0.12626262626262627
10838.373567404225 0.15151515151515152
10362.113202778988 0.17676767676767677
9916.237358009157 0.20202020202020202
9498.228821988887 0.22727272727272727
9105.824952711535 0.25252525252525254
8736.987459543627 0.2777777777777778
8389.8762829212 0.30303030303030304
8062.826949254021 0.3282828282828283
7754.330883051541 0.35353535353535354
7463.018243481015 0.3787878787878788
7187.642922484373 0.40404040404040403
6927.069399176712 0.4292929292929293
6680.261192870551 0.45454545454545453
6446.270696583576 0.4797979797979798
6224.23020578524 0.5050505050505051
6013.343984617569 0.5303030303030303
5812.88123485224 0.5555555555555556
5622.169852200827 0.5808080808080808
5440.590870911036 0.6060606060606061
5267.573511375804 0.6313131313131313
5102.5907571759 0.6565656565656566
4945.155397916632 0.6818181818181818
4794.81648269037 0.7070707070707071
4651.15613623384 0.7323232323232323
4513.786696047383 0.7575757575757576
4382.348134064328 0.7828282828282828
4256.505731036671 0.8080808080808081
4135.947975751104 0.8333333333333334
4020.3846646011284 0.8585858585858586
3909.5451799951848 0.8838383838383839
3803.17692864458 0.9090909090909091
3701.0439230038205 0.9343434343434344
3602.9254910777418 0.9595959595959596
3508.6151015044557 0.9848484848484849
3417.9192923048167 1.0101010101010102
3330.6566929869145 1.0353535353535352
3246.657130832788 1.0606060606060606
3165.7608131953198 1.0858585858585859
3087.8175785142535 1.1111111111111112
3012.686209537059 1.1363636363636362
2940.233802916315 1.1616161616161615
2870.335189962031 1.1868686868686869
2802.872403864624 1.2121212121212122
2737.7341891809997 1.2373737373737375
2674.815549799563 1.2626262626262625
2614.017331976593 1.2878787878787878
2555.245839371938 1.3131313131313131
2498.412477311095 1.3383838383838385
2443.4334237679896 1.3636363636363635
2390.22932480164 1.3888888888888888
2338.7250123937692 1.4141414141414141
2288.849242826131 1.4393939393939394
2240.5344539083576 1.4646464646464645
2193.7165395216884 1.4898989898989898
2148.334640082934 1.5151515151515151
2104.330947658237 1.5404040404040404
2061.6505245689787 1.5656565656565655
2020.241134434019 1.5909090909090908
1980.0530846844283 1.6161616161616161
1941.0390796699994 1.6414141414141414
1903.154083552122 1.6666666666666667
1866.3551922457755 1.6919191919191918
1830.6015137352529 1.7171717171717171
1795.854056144351 1.7424242424242424
1762.075622992772 1.7676767676767677
1729.2307151168543 1.7929292929292928
1697.2854387749771 1.8181818181818181
1666.2074194964298 1.8434343434343434
1635.9657212676016 1.8686868686868687
1606.5307706813612 1.8939393939393938
1577.8742857046923 1.9191919191919191
1549.9692087463816 1.9444444444444444
1522.78964373098 1.9696969696969697
1496.3107969076261 1.9949494949494948
1470.5089211428215 2.0202020202020203
1445.3612634650228 2.0454545454545454
1420.8460156461674 2.0707070707070705
1396.9422676210734 2.095959595959596
1373.6299635602047 2.121212121212121
1350.8898604246567 2.1464646464646466
1328.7034888445446 2.1717171717171717
1307.0531161732831 2.196969696969697
1285.921711580712 2.2222222222222223
1265.2929130576358 2.2474747474747474
1245.1509962132263 2.2727272727272725
1225.4808447549494 2.297979797979798
1206.2679225482393 2.323232323232323
1187.4982471601522 2.3484848484848486
1169.158364797711 2.3737373737373737
1151.2353265576346 2.398989898989899
1133.71666590971 2.4242424242424243
1116.5903773411974 2.4494949494949494
1099.844896094434 2.474747474747475
1083.4690789342183 2.5
