14538.810436561225 0.0
14010.32219024131 0.025252525252525252
13505.143552845897 0.050505050505050504
13021.951739525652 0.07575757575757576
12559.53913125469 0.10101010101010101
12116.798587563171 0.12626262626262627
11692.71091354881 0.15151515151515152
11286.33415921245 0.17676767676767677
10896.794478821346 0.20202020202020202
10523.278319083194 0.22727272727272727
10165.025739175027 0.25252525252525254
9821.324694464156 0.2777777777777778
9491.506140121292 0.30303030303030304
9174.939831562127 0.3282828282828283
8871.03071638823 0.35353535353535354
8579.215827722486 0.3787878787878788
8298.96160193903 0.40404040404040403
8029.761555085704 0.4292929292929293
7771.134262045387 0.45454545454545453
7522.621590891399 0.4797979797979798
7283.787152140183 0.5050505050505051
7054.2149288417995 0.5303030303030303
6833.50805880548 0.5555555555555556
6621.2877448465415 0.5808080808080808
6417.192272860657 0.6060606060606061
6220.87612086908 0.6313131313131313
6032.00914501032 0.6565656565656566
5850.275830847521 0.6818181818181818
5675.374600376752 0.7070707070707071
5507.017166811719 0.7323232323232323
5344.927930631981 0.7575757575757576
5188.843411555236 0.7828282828282828
5038.511712065119 0.8080808080808081
4893.692008925679 0.8333333333333334
4754.15406976879 0.8585858585858586
4619.677792374735 0.8838383838383839
4490.0527646992105 0.9090909090909091
4365.077844048689 0.9343434343434344
4244.560754085603 0.9595959595959596
4128.317698567225 0.9848484848484849
4016.172990897848 1.0101010101010102
3907.958698711878 1.0353535353535352
3803.5143028128564 1.0606060606060606
3702.686369876535 1.0858585858585859
3605.328238389653 1.1111111111111112
3511.299717344572 1.1363636363636362
3420.466797246366 1.1616161616161615
3332.7013730164376 1.1868686868686869
3247.880978397153 1.2121212121212122
3165.888531477407 1.2373737373737375
3086.6120909706387 1.2626262626262625
3009.9446228857482 1.2878787878787878
2935.783777238699 1.3131313131313131
2864.0316744585557 1.3383838383838385
2794.5947011472836 1.3636363636363635
2727.3833148577555 1.3888888888888888
2662.311857559675 1.4141414141414141
2599.2983774684426 1.4393939393939394
2538.2644589176803 1.4646464646464645
2479.1350599621387 1.4898989898989898
2421.838357404065 1.5151515151515151
2366.3055989429367 1.5404040404040404
2312.4709621555385 1.5656565656565655
2260.271420020877 1.5909090909090908
2209.6466127121453 1.6161616161616161
2160.53872538596 1.6414141414141414
2112.8923717072894 1.6666666666666667
2066.6544828567985 1.6919191919191918
2021.7742017758005 1.7171717171717171
1978.2027824124589 1.7424242424242424
1935.893493741385 1.7676767676767677
1894.8015283372206 1.7929292929292928
1854.8839152911887 1.8181818181818181
1816.0994372678958 1.8434343434343434
1778.4085515077993 1.8686868686868687
1741.773314588804 1.8939393939393938
1706.1573107682627 1.9191919191919191
1671.5255837343257 1.9444444444444444
1637.8445716030178 1.9696969696969697
1605.082045004674 1.9949494949494948
1573.2070481103772 2.0202020202020203
1542.1898424558183 2.0454545454545454
1512.0018534265557 2.0707070707070705
1482.6156192749909 2.095959595959596
1454.0047425454395 2.121212121212121
1426.1438437895333 2.1464646464646466
1399.0085174598212 2.1717171717171717
1372.575289874813 2.196969696969697
1346.8215791538767 2.2222222222222223
1321.725657025355 2.2474747474747474
1297.2666124159696 2.2727272727272725
1273.4243167341328 2.297979797979798
1250.1793907640756 2.323232323232323
1227.5131730918151 2.3484848484848486
1205.4076899879433 2.3737373737373737
1183.8456266759079 2.398989898989899
1162.810299918069 2.4242424242424243
1142.285631855176 2.4494949494949494
1122.2561250381455 2.474747474747475
1102.7068385940995 2.5
