100.0 81.77035643156843 1000.0
200.0 60.710592258415744 1000.0
300.0 51.34590384110191 1000.0
400.0 44.98088711677812 1000.0
500.0 40.02112715963705 1000.0
600.0 35.91436212502488 1000.0
700.0 32.51340780830512 1000.0
800.0 29.38716207564447 1000.0
900.0 26.631861679168328 1000.0
1000.0 24.29774300566769 1000.0
1100.0 22.02073685943096 1000.0
1200.0 20.143839764068403 1000.0
1300.0 18.303336607646475 1000.0
1400.0 16.832089798052078 1000.0
1500.0 15.269260053817893 1000.0
1600.0 14.126425955140931 1000.0
1700.0 12.859763770276977 1000.0
1800.0 11.848686721439904 1000.0
1900.0 10.966519414549424 1000.0
2000.0 10.120231832290735 1000.0
