100.0 81.66297574626866 1000.0
200.0 57.27160500189677 1000.0
300.0 46.30007183926968 1000.0
400.0 38.92981234177973 1000.0
500.0 32.9102032277573 1000.0
600.0 27.729603891943032 1000.0
700.0 23.453541356153462 1000.0
800.0 19.795388569252214 1000.0
900.0 16.639187047268386 1000.0
1000.0 13.95222901464435 1000.0
1100.0 11.7087261763537 1000.0
1200.0 9.917521654891033 1000.0
1300.0 8.353025331542822 1000.0
1400.0 7.05573583228887 1000.0
1500.0 6.027605990433484 1000.0
1600.0 5.144037624042193 1000.0
1700.0 4.406611405433055 1000.0
1800.0 3.7987044232031018 1000.0
1900.0 3.3071858670107184 1000.0
2000.0 2.9037200896887736 1000.0
